100	 100
  1.00000000	  0.15015635	  0.13776906	  0.14096695	  0.08945691	  0.15988579	  0.10772078	  0.15328589	  0.14886692	  0.12341552	  0.09088286	  0.12856665	  0.13958882	  0.10514644	  0.12666628	  0.13878329	  0.12314523	  0.12090135	  0.11342423	  0.14983124	  0.12595679	  0.14611515	  0.11647063	  0.14515358	  0.12961303	  0.14178032	  0.12587674	  0.16068912	  0.16153607	  0.14969668	  0.14606723	  0.10941447	  0.13970734	  0.14698774	  0.12871563	  0.14008662	  0.17531651	  0.18118668	  0.14349040	  0.14743023	  0.13391270	  0.12691532	  0.14970633	  0.11497721	  0.15063863	  0.16411190	  0.12286064	  0.16533498	  0.14371255	  0.14553961	  0.15134612	  0.13949834	  0.16107543	  0.15038362	  0.14751692	  0.15904441	  0.17966095	  0.14721602	  0.15386146	  0.14320011	  0.11357510	  0.11972998	  0.13812420	  0.13950984	  0.14837301	  0.14481978	  0.13920727	  0.12776673	  0.13920969	  0.14699449	  0.16146563	  0.10130005	  0.12905872	  0.15386301	  0.12793268	  0.13668989	  0.12695147	  0.13925007	  0.09463181	  0.10237275	  0.15655710	  0.13667177	  0.10917380	  0.13435921	  0.13650337	  0.15250443	  0.13393883	  0.14141886	  0.13836031	  0.13081168	  0.15129179	  0.12336326	  0.14303266	  0.14415433	  0.12428856	  0.12427395	  0.13752076	  0.13680279	  0.14923583	  0.13426661	
  0.15015635	  1.00000000	  0.13403735	  0.12336557	  0.14936766	  0.11979611	  0.12567429	  0.14422831	  0.10966760	  0.12500350	  0.15362604	  0.19311398	  0.18829851	  0.13544102	  0.18618287	  0.18631019	  0.18700337	  0.17520174	  0.17765699	  0.19935745	  0.18839574	  0.11730573	  0.16304845	  0.20296307	  0.14631112	  0.13369149	  0.15483934	  0.12198679	  0.11337820	  0.13356689	  0.13756055	  0.14107160	  0.13546686	  0.13147156	  0.13045156	  0.14020129	  0.12972587	  0.13302006	  0.15204190	  0.14304589	  0.18755688	  0.17644715	  0.18749815	  0.08594295	  0.17959656	  0.15470274	  0.19744271	  0.15559925	  0.18825212	  0.17067277	  0.14211495	  0.21704090	  0.16362049	  0.17379011	  0.16881277	  0.17395763	  0.12700985	  0.15750238	  0.17411378	  0.16872765	  0.16644770	  0.17311721	  0.16814360	  0.17030598	  0.16463687	  0.13965155	  0.18263811	  0.15940167	  0.16676992	  0.15134332	  0.12487199	  0.17578247	  0.18925823	  0.21176107	  0.19015060	  0.23018286	  0.10537207	  0.14011714	  0.15247943	  0.14059870	  0.10663094	  0.15688753	  0.14976558	  0.16698910	  0.17655681	  0.12458737	  0.18477526	  0.13584258	  0.16067700	  0.17706303	  0.13498746	  0.21639168	  0.15364583	  0.19687320	  0.14644009	  0.12542224	  0.20983116	  0.21082747	  0.20983541	  0.18292108	
  0.13776906	  0.13403735	  1.00000000	  0.24623543	  0.08892407	  0.18024401	  0.11750524	  0.15180133	  0.11022496	  0.15831372	  0.09268907	  0.12438582	  0.13866220	  0.09749060	  0.12639664	  0.13674161	  0.12201911	  0.11730541	  0.10822391	  0.14854138	  0.12335610	  0.13284235	  0.17843634	  0.12832116	  0.19261602	  0.18601523	  0.18342154	  0.17001614	  0.16447516	  0.18463252	  0.18021035	  0.17055406	  0.19989654	  0.18277636	  0.17679481	  0.19231069	  0.14230646	  0.13758191	  0.13466793	  0.15460460	  0.13197847	  0.10650586	  0.13102771	  0.08865757	  0.14243330	  0.14566952	  0.11737105	  0.14692970	  0.14005329	  0.13616431	  0.12242123	  0.12229834	  0.13577354	  0.13129972	  0.15533236	  0.14875995	  0.14083430	  0.13858613	  0.14295197	  0.12910226	  0.11484700	  0.12175702	  0.14640123	  0.14997241	  0.15387727	  0.14519416	  0.15037505	  0.13619675	  0.14744468	  0.13737564	  0.13522227	  0.10462566	  0.12371209	  0.13756399	  0.11641496	  0.13063835	  0.11139437	  0.13354251	  0.10026826	  0.10222574	  0.14641675	  0.12512164	  0.18407166	  0.12910210	  0.14196755	  0.13010189	  0.12848647	  0.13340461	  0.13560325	  0.13061154	  0.13006665	  0.11760870	  0.14927834	  0.13925132	  0.10209313	  0.09783871	  0.12618035	  0.12416337	  0.14514145	  0.11714875	
  0.14096695	  0.12336557	  0.24623543	  1.00000000	  0.08130234	  0.17858312	  0.10906120	  0.14839792	  0.11450493	  0.15158923	  0.08364892	  0.11264490	  0.12592299	  0.09307453	  0.11659382	  0.12642542	  0.11217522	  0.10981600	  0.09978922	  0.13746776	  0.11384420	  0.13251270	  0.15507917	  0.11897842	  0.17868419	  0.17526112	  0.16582902	  0.17096715	  0.17012526	  0.17985702	  0.17292364	  0.15337056	  0.18871926	  0.17598002	  0.16639115	  0.17806637	  0.14313118	  0.13916406	  0.12475824	  0.14987428	  0.11914151	  0.10205182	  0.12660414	  0.09323291	  0.13402370	  0.14585426	  0.10838383	  0.14506418	  0.13238643	  0.13151371	  0.12190917	  0.11203588	  0.13237596	  0.12499450	  0.14507295	  0.14555500	  0.14517042	  0.12924787	  0.13315824	  0.11922165	  0.10385210	  0.10995910	  0.13522679	  0.13867450	  0.14595976	  0.14121738	  0.13726807	  0.12666240	  0.13676849	  0.13362212	  0.13979483	  0.09550561	  0.11287241	  0.12744848	  0.10567398	  0.11716122	  0.11385171	  0.12915589	  0.09018469	  0.09448878	  0.15472417	  0.11873699	  0.15958689	  0.12307531	  0.13049148	  0.13399296	  0.11987551	  0.13540724	  0.13126636	  0.12050624	  0.13007963	  0.10743190	  0.13946481	  0.12995055	  0.09828676	  0.09624814	  0.11553800	  0.11485805	  0.13374622	  0.11101379	
  0.08945691	  0.14936766	  0.08892407	  0.08130234	  1.00000000	  0.07654501	  0.10066790	  0.11103008	  0.08500806	  0.08595929	  0.17853010	  0.15577172	  0.13728660	  0.17926887	  0.28954303	  0.23527263	  0.30480027	  0.25907129	  0.31238693	  0.23747469	  0.29259005	  0.08547696	  0.10946018	  0.17806213	  0.09847097	  0.09359170	  0.10522737	  0.07553178	  0.06797522	  0.08732969	  0.09024476	  0.11344889	  0.08668982	  0.08774075	  0.09075519	  0.09706102	  0.07460021	  0.07555570	  0.10215470	  0.11645805	  0.12115265	  0.12973514	  0.11916493	  0.06156191	  0.10917132	  0.12156898	  0.18107833	  0.14857155	  0.18877539	  0.18819286	  0.13784841	  0.20355853	  0.09231341	  0.10061014	  0.13271035	  0.19590312	  0.07448686	  0.10089923	  0.11785180	  0.12250037	  0.14648174	  0.14276588	  0.11098009	  0.11053370	  0.10720275	  0.09429222	  0.11874039	  0.10662323	  0.10284775	  0.09183064	  0.07764799	  0.14125228	  0.12223428	  0.11727348	  0.13576248	  0.13801216	  0.07122923	  0.08582253	  0.16957341	  0.19179873	  0.07586237	  0.18911369	  0.10936718	  0.15231346	  0.21016620	  0.11621458	  0.24849480	  0.10077536	  0.13043280	  0.21508063	  0.12442209	  0.20124586	  0.10456018	  0.21683536	  0.09282111	  0.08358936	  0.18555506	  0.18733759	  0.15979797	  0.14858074	
  0.15988579	  0.11979611	  0.18024401	  0.17858312	  0.07654501	  1.00000000	  0.12345001	  0.17550816	  0.15206751	  0.19658215	  0.07673971	  0.11642719	  0.13366351	  0.08242805	  0.11197665	  0.12359244	  0.10771211	  0.09886148	  0.09162880	  0.12956153	  0.10677728	  0.18651061	  0.19942065	  0.10888274	  0.19782622	  0.21232551	  0.17544635	  0.23583981	  0.22766896	  0.22832125	  0.21685775	  0.16102184	  0.20730908	  0.21380867	  0.17484468	  0.22456181	  0.19395277	  0.19916116	  0.13209455	  0.16784899	  0.12562551	  0.09936742	  0.12499480	  0.10575419	  0.13512178	  0.13811807	  0.09877171	  0.15952188	  0.12747416	  0.13593005	  0.13595501	  0.10758246	  0.14501108	  0.13660344	  0.14000252	  0.15630573	  0.18471223	  0.13977623	  0.14076123	  0.12230876	  0.10823416	  0.11583906	  0.13957289	  0.14395967	  0.15299478	  0.14574675	  0.13740081	  0.12953378	  0.14040813	  0.15688251	  0.17766321	  0.09202474	  0.11230618	  0.13298859	  0.10664977	  0.11711057	  0.12327883	  0.15245509	  0.08625498	  0.09073299	  0.22049034	  0.11246116	  0.22125100	  0.10906261	  0.13316531	  0.14107092	  0.10969255	  0.13836469	  0.11776642	  0.11411130	  0.16357556	  0.09915582	  0.16617545	  0.12398846	  0.10735343	  0.10416402	  0.11094444	  0.10630988	  0.13846274	  0.10507144	
  0.10772078	  0.12567429	  0.11750524	  0.10906120	  0.10066790	  0.12345001	  1.00000000	  0.18327397	  0.09670402	  0.10814901	  0.09425783	  0.14261071	  0.15289451	  0.09183258	  0.13669898	  0.14518377	  0.13311723	  0.11652153	  0.11764084	  0.14192037	  0.13145274	  0.14683658	  0.13950928	  0.11636135	  0.13480632	  0.12546597	  0.11560734	  0.11280215	  0.10809435	  0.13061069	  0.12786116	  0.11414029	  0.11706015	  0.11277110	  0.10528351	  0.13242801	  0.11894750	  0.12737063	  0.11901028	  0.16264383	  0.13710693	  0.09689949	  0.11360104	  0.07606998	  0.12447368	  0.11504614	  0.10871560	  0.12877095	  0.13311183	  0.13459606	  0.11826741	  0.12029420	  0.11407730	  0.11593566	  0.12527850	  0.14155187	  0.11613057	  0.12638415	  0.13623826	  0.12218110	  0.13131739	  0.13786411	  0.12726742	  0.12892210	  0.11972713	  0.10951427	  0.12570842	  0.12459877	  0.12912399	  0.13782114	  0.12190045	  0.10439727	  0.12291955	  0.13487001	  0.11797973	  0.13234943	  0.09831150	  0.13735715	  0.10260427	  0.10784485	  0.10669960	  0.10332973	  0.14319564	  0.10936834	  0.14188017	  0.10501440	  0.12093113	  0.11467819	  0.10847270	  0.12021191	  0.13136515	  0.11713897	  0.17220548	  0.13301644	  0.11237103	  0.09591953	  0.12364471	  0.11521936	  0.12935930	  0.10875507	
  0.15328589	  0.14422831	  0.15180133	  0.14839792	  0.11103008	  0.17550816	  0.18327397	  1.00000000	  0.14194739	  0.13708785	  0.11023713	  0.13963129	  0.15047060	  0.10817049	  0.15821274	  0.17025071	  0.15053818	  0.14175181	  0.13423620	  0.17972720	  0.15183356	  0.25192305	  0.14250450	  0.13544495	  0.17098065	  0.17955215	  0.14056587	  0.16393752	  0.15521929	  0.18781351	  0.18753956	  0.12382157	  0.15207174	  0.15669259	  0.13430105	  0.18413642	  0.16503447	  0.17364874	  0.14081816	  0.25207198	  0.14244832	  0.11656778	  0.13121760	  0.11292137	  0.14055561	  0.15742680	  0.11817805	  0.19251281	  0.15843469	  0.18154535	  0.17150655	  0.13470832	  0.15246876	  0.14520371	  0.16345036	  0.20611703	  0.16121128	  0.14385429	  0.15771718	  0.13939495	  0.12520279	  0.13257907	  0.14066096	  0.14325969	  0.15177034	  0.13840514	  0.14472900	  0.14300665	  0.15335950	  0.17025065	  0.16339394	  0.10481635	  0.13369794	  0.14990507	  0.12893802	  0.13696897	  0.12570406	  0.15055259	  0.11286664	  0.13066958	  0.16328698	  0.13713875	  0.14341620	  0.12640832	  0.15696196	  0.15695965	  0.14889395	  0.16252922	  0.13546471	  0.14763854	  0.21320437	  0.12454142	  0.18819350	  0.16964802	  0.12433431	  0.12159029	  0.13615739	  0.13278329	  0.15036586	  0.12750694	
  0.14886692	  0.10966760	  0.11022496	  0.11450493	  0.08500806	  0.15206751	  0.09670402	  0.14194739	  1.00000000	  0.10391945	  0.07384013	  0.10256794	  0.10968091	  0.09646542	  0.11090463	  0.11625838	  0.10801830	  0.10430386	  0.09954084	  0.12902945	  0.11033409	  0.16639389	  0.09225656	  0.11359225	  0.10534166	  0.12802866	  0.09833050	  0.14949772	  0.14615236	  0.13116361	  0.13121518	  0.08850259	  0.10798129	  0.12193697	  0.09993087	  0.12624778	  0.14659932	  0.15784013	  0.10176222	  0.13421094	  0.09524693	  0.09902936	  0.10963169	  0.12667146	  0.10902011	  0.13784833	  0.10768533	  0.15152897	  0.11460245	  0.13298318	  0.14498442	  0.10931502	  0.12727843	  0.11417014	  0.11956887	  0.14405330	  0.13590617	  0.10226285	  0.10872462	  0.10186166	  0.09172314	  0.09650557	  0.10601101	  0.10720321	  0.11886900	  0.11309497	  0.10470641	  0.10153645	  0.10524346	  0.12150532	  0.14279951	  0.09779578	  0.10586549	  0.11683112	  0.10865629	  0.10515941	  0.10606104	  0.10406531	  0.07739533	  0.08997379	  0.15010829	  0.12789154	  0.09300784	  0.11630964	  0.12103467	  0.14275974	  0.11748882	  0.13181223	  0.12613554	  0.11838953	  0.17589131	  0.10727464	  0.11746282	  0.12032788	  0.09521993	  0.10820112	  0.10786846	  0.10733691	  0.11498592	  0.10503878	
  0.12341552	  0.12500350	  0.15831372	  0.15158923	  0.08595929	  0.19658215	  0.10814901	  0.13708785	  0.10391945	  1.00000000	  0.08814887	  0.12062430	  0.12385436	  0.08982205	  0.11455520	  0.12028299	  0.10955039	  0.10861187	  0.10210382	  0.12625051	  0.11154918	  0.11762827	  0.20189385	  0.10897230	  0.20167547	  0.17087764	  0.19094488	  0.17108369	  0.16301690	  0.19027692	  0.17733887	  0.18348539	  0.18403807	  0.18064444	  0.17607591	  0.18105914	  0.11471301	  0.12369756	  0.11980492	  0.13086493	  0.12199948	  0.10622925	  0.11435652	  0.08707123	  0.12304604	  0.11953907	  0.10858088	  0.12237004	  0.13163713	  0.12601672	  0.12443030	  0.11445049	  0.11979726	  0.11892487	  0.12210953	  0.12905927	  0.12523334	  0.12129668	  0.13045944	  0.12065896	  0.11242766	  0.11789734	  0.12827235	  0.13166484	  0.14283715	  0.13019755	  0.13400522	  0.12680553	  0.12632215	  0.12090548	  0.11877717	  0.09577201	  0.11627343	  0.13045917	  0.11339477	  0.11820944	  0.11342375	  0.11777657	  0.09428581	  0.10182845	  0.14603712	  0.10297459	  0.21981327	  0.11632909	  0.11304574	  0.10850671	  0.11130273	  0.13376360	  0.10922112	  0.10753752	  0.10904142	  0.10713740	  0.12842441	  0.12352467	  0.10098495	  0.10002203	  0.11214725	  0.11444783	  0.14817724	  0.10924420	
  0.09088286	  0.15362604	  0.09268907	  0.08364892	  0.17853010	  0.07673971	  0.09425783	  0.11023713	  0.07384013	  0.08814887	  1.00000000	  0.15960580	  0.13899037	  0.12925641	  0.17219187	  0.16087316	  0.17748931	  0.16645613	  0.19013013	  0.16007303	  0.17641684	  0.08860853	  0.11744504	  0.15979157	  0.10367382	  0.09757517	  0.11248776	  0.07826986	  0.06988794	  0.09078813	  0.09462563	  0.11598166	  0.09057259	  0.09137779	  0.09500853	  0.10116864	  0.08034074	  0.08058139	  0.11153108	  0.10406272	  0.13584600	  0.12626518	  0.11619542	  0.06041076	  0.11429169	  0.11639092	  0.16548957	  0.11881117	  0.15295871	  0.13742648	  0.11741010	  0.17634484	  0.09635156	  0.10700195	  0.12769204	  0.13477801	  0.07919044	  0.10906482	  0.12681577	  0.12834738	  0.14811200	  0.14564802	  0.11758254	  0.11784925	  0.11209529	  0.09719329	  0.12665705	  0.11127194	  0.10941296	  0.09657814	  0.07981513	  0.13911361	  0.13451912	  0.12940240	  0.14795716	  0.15660401	  0.07542538	  0.09439417	  0.28290784	  0.19144686	  0.07159609	  0.13774249	  0.11195881	  0.13722530	  0.14450854	  0.09201394	  0.16263178	  0.09809474	  0.11582594	  0.15287964	  0.10037958	  0.18325163	  0.10523486	  0.15306862	  0.09693837	  0.08836140	  0.17929634	  0.18389627	  0.15907659	  0.14785486	
  0.12856665	  0.19311398	  0.12438582	  0.11264490	  0.15577172	  0.11642719	  0.14261071	  0.13963129	  0.10256794	  0.12062430	  0.15960580	  1.00000000	  0.49733871	  0.13041729	  0.19321588	  0.19534984	  0.19412054	  0.16438183	  0.18289173	  0.19240563	  0.19803381	  0.11388090	  0.17253305	  0.18850170	  0.14459737	  0.13025741	  0.15019006	  0.11518957	  0.10526043	  0.13129611	  0.13240466	  0.14966971	  0.13016286	  0.12679030	  0.12751094	  0.13844445	  0.13167466	  0.13512518	  0.17462693	  0.13788278	  0.21188772	  0.15927751	  0.16976909	  0.07417522	  0.17363289	  0.15138577	  0.19842239	  0.14170122	  0.18488507	  0.16156641	  0.14176013	  0.20304589	  0.14168401	  0.15246320	  0.15243649	  0.16113248	  0.13056087	  0.18346016	  0.23841080	  0.20472458	  0.39430523	  0.40385607	  0.17726585	  0.17685860	  0.15718187	  0.14037351	  0.17835560	  0.15586692	  0.15748915	  0.15670167	  0.12955453	  0.19886862	  0.20054060	  0.21706623	  0.21697839	  0.24648643	  0.09845258	  0.14644997	  0.16869621	  0.15063241	  0.10126757	  0.13841763	  0.16066538	  0.17192474	  0.18265787	  0.11202400	  0.16954048	  0.12550889	  0.15734114	  0.16188371	  0.11822850	  0.21539597	  0.15824834	  0.17000546	  0.15915281	  0.13160084	  0.22056396	  0.20477885	  0.20732291	  0.17497316	
  0.13958882	  0.18829851	  0.13866220	  0.12592299	  0.13728660	  0.13366351	  0.15289451	  0.15047060	  0.10968091	  0.12385436	  0.13899037	  0.49733871	  1.00000000	  0.12549156	  0.19213705	  0.20861222	  0.18863840	  0.15758486	  0.16652229	  0.20175987	  0.19409366	  0.12605882	  0.18070281	  0.18886328	  0.15442689	  0.13938813	  0.15256613	  0.12940514	  0.12086160	  0.14358817	  0.14112149	  0.15010944	  0.14441340	  0.13485627	  0.13286856	  0.14867809	  0.15140821	  0.15538940	  0.18305409	  0.14981833	  0.21542858	  0.15039039	  0.18674666	  0.07671936	  0.19391520	  0.16181865	  0.18999088	  0.15304755	  0.18879084	  0.16744457	  0.14529593	  0.19284531	  0.15162262	  0.15965326	  0.16216309	  0.17222099	  0.15022022	  0.20073377	  0.25414896	  0.21048403	  0.36775574	  0.38687262	  0.19194165	  0.19211186	  0.16791059	  0.15353662	  0.18886834	  0.16557613	  0.17202877	  0.16952889	  0.14477053	  0.18984950	  0.19331224	  0.22224934	  0.19703647	  0.23855768	  0.10250214	  0.16311951	  0.14864621	  0.13966191	  0.11587130	  0.13994882	  0.16897796	  0.17381456	  0.20878461	  0.12225208	  0.16971236	  0.12832072	  0.16542152	  0.16761397	  0.12704755	  0.19954063	  0.18273793	  0.17610943	  0.16265345	  0.12792936	  0.21955191	  0.19654228	  0.21271288	  0.17527591	
  0.10514644	  0.13544102	  0.09749060	  0.09307453	  0.17926887	  0.08242805	  0.09183258	  0.10817049	  0.09646542	  0.08982205	  0.12925641	  0.13041729	  0.12549156	  1.00000000	  0.21831566	  0.21097793	  0.22553669	  0.21776441	  0.23581073	  0.21104401	  0.23434554	  0.08890079	  0.10383518	  0.18190487	  0.09972751	  0.09222802	  0.10157733	  0.08275446	  0.07852887	  0.09104842	  0.09320369	  0.10912535	  0.09186018	  0.08889181	  0.09324519	  0.09316419	  0.08330200	  0.08356339	  0.10130739	  0.11038340	  0.10713429	  0.10931619	  0.11667401	  0.06648576	  0.11256263	  0.13809812	  0.15356183	  0.15149054	  0.17092811	  0.17645025	  0.14320970	  0.17179652	  0.09248033	  0.09252337	  0.13291758	  0.18049763	  0.08506142	  0.09935486	  0.11365604	  0.11707541	  0.11848234	  0.11986828	  0.10954899	  0.10963488	  0.10862722	  0.10189777	  0.11323846	  0.10314003	  0.10114270	  0.09081095	  0.08557723	  0.12415470	  0.11615913	  0.11764587	  0.12324554	  0.12511395	  0.07893744	  0.08289319	  0.12544404	  0.15898415	  0.08803438	  0.17851605	  0.10182991	  0.15715231	  0.19163647	  0.13559267	  0.21404628	  0.11184142	  0.13694623	  0.21601802	  0.12887938	  0.16190521	  0.10445224	  0.19420376	  0.08365344	  0.07958176	  0.16494115	  0.16933440	  0.15508464	  0.14346991	
  0.12666628	  0.18618287	  0.12639664	  0.11659382	  0.28954303	  0.11197665	  0.13669898	  0.15821274	  0.11090463	  0.11455520	  0.17219187	  0.19321588	  0.19213705	  0.21831566	  1.00000000	  0.46374640	  0.54930580	  0.33881095	  0.39243290	  0.32436422	  0.46694359	  0.11843760	  0.15313193	  0.22034256	  0.13961153	  0.12592547	  0.13764295	  0.10982946	  0.10137769	  0.12463883	  0.12494921	  0.14450850	  0.12444168	  0.11889658	  0.11992060	  0.13230406	  0.11044167	  0.11486288	  0.13998190	  0.15901652	  0.16274013	  0.14701261	  0.16004227	  0.07406781	  0.15579386	  0.17213202	  0.20200987	  0.20712316	  0.25395855	  0.25782949	  0.18758319	  0.23861280	  0.12473688	  0.13225837	  0.17120571	  0.25105989	  0.11367530	  0.14646366	  0.16885762	  0.16630225	  0.16962065	  0.17520392	  0.15095736	  0.15203354	  0.14232774	  0.12843978	  0.15665320	  0.13950269	  0.13850385	  0.12729090	  0.11125465	  0.15587997	  0.15676932	  0.16248861	  0.15457700	  0.17697616	  0.09410917	  0.12641272	  0.17229526	  0.21962006	  0.11201501	  0.22412515	  0.15028232	  0.19303282	  0.30210954	  0.16082449	  0.30128759	  0.13096887	  0.16939779	  0.27708766	  0.16232097	  0.22457750	  0.15487307	  0.28110343	  0.12416343	  0.10646455	  0.23555736	  0.22926641	  0.21525791	  0.18971555	
  0.13878329	  0.18631019	  0.13674161	  0.12642542	  0.23527263	  0.12359244	  0.14518377	  0.17025071	  0.11625838	  0.12028299	  0.16087316	  0.19534984	  0.20861222	  0.21097793	  0.46374640	  1.00000000	  0.41377783	  0.30399176	  0.32793319	  0.32757106	  0.40291959	  0.12852387	  0.16029096	  0.22578101	  0.14979975	  0.13358116	  0.14299574	  0.12142576	  0.11336923	  0.13526230	  0.13302235	  0.14833769	  0.13604914	  0.12811939	  0.12748787	  0.14095764	  0.12461603	  0.12959857	  0.15200885	  0.16979304	  0.17289180	  0.14480197	  0.17174196	  0.07595523	  0.17206515	  0.18286565	  0.19598998	  0.24194950	  0.28191486	  0.28812692	  0.22277446	  0.23134662	  0.13232811	  0.13906482	  0.17971103	  0.25777346	  0.13021846	  0.16406557	  0.18757503	  0.18053120	  0.17216204	  0.17958255	  0.16441554	  0.16514882	  0.15207538	  0.14105713	  0.16601999	  0.14847003	  0.14945833	  0.13759814	  0.12242412	  0.15494995	  0.15889372	  0.17342231	  0.15497254	  0.17894900	  0.10094481	  0.14304595	  0.16473126	  0.20833303	  0.12358665	  0.21847101	  0.15665826	  0.19820519	  0.31234294	  0.17017336	  0.28757647	  0.13831271	  0.17626952	  0.27230394	  0.16819833	  0.21168905	  0.17570892	  0.27697679	  0.12948371	  0.10779008	  0.24197595	  0.22774786	  0.22572948	  0.19501124	
  0.12314523	  0.18700337	  0.12201911	  0.11217522	  0.30480027	  0.10771211	  0.13311723	  0.15053818	  0.10801830	  0.10955039	  0.17748931	  0.19412054	  0.18863840	  0.22553669	  0.54930580	  0.41377783	  1.00000000	  0.34221527	  0.43498951	  0.33132306	  0.47774294	  0.11288618	  0.15116292	  0.22686031	  0.13682050	  0.12388752	  0.13565333	  0.10676916	  0.09758002	  0.12254490	  0.12289315	  0.14212640	  0.12066177	  0.11654186	  0.11697052	  0.13059586	  0.10672933	  0.11089280	  0.13596410	  0.15011451	  0.16249967	  0.14864390	  0.15706146	  0.07054006	  0.15142897	  0.16686784	  0.20515741	  0.19644998	  0.25529173	  0.25316656	  0.17680061	  0.24893047	  0.12162716	  0.12988523	  0.17284939	  0.25921145	  0.10877098	  0.14223275	  0.16366260	  0.16152430	  0.16793740	  0.17293464	  0.15092291	  0.15083455	  0.13866411	  0.12508759	  0.15528561	  0.13712059	  0.13701558	  0.12476134	  0.10687190	  0.15389153	  0.15663843	  0.16131768	  0.15703920	  0.17627223	  0.08970305	  0.12315412	  0.18105684	  0.21148916	  0.10659190	  0.23636831	  0.14708687	  0.19375256	  0.29172558	  0.15989751	  0.32389629	  0.12472463	  0.16803129	  0.28917867	  0.15934438	  0.23304920	  0.15017933	  0.29237866	  0.12365796	  0.10447352	  0.23758125	  0.22835639	  0.21360251	  0.18948431	
  0.12090135	  0.17520174	  0.11730541	  0.10981600	  0.25907129	  0.09886148	  0.11652153	  0.14175181	  0.10430386	  0.10861187	  0.16645613	  0.16438183	  0.15758486	  0.21776441	  0.33881095	  0.30399176	  0.34221527	  1.00000000	  0.38221908	  0.33042720	  0.37403437	  0.10631517	  0.12896419	  0.21488233	  0.12611689	  0.11545902	  0.13267455	  0.10143477	  0.09336776	  0.11151475	  0.11389726	  0.13302062	  0.11529283	  0.11311444	  0.11790804	  0.11831140	  0.10038420	  0.10125994	  0.12931338	  0.14416865	  0.14068885	  0.14417624	  0.14708407	  0.07706287	  0.13937341	  0.16395253	  0.19267881	  0.19622609	  0.22709389	  0.24060880	  0.18192321	  0.21559432	  0.11786930	  0.12276015	  0.16351342	  0.24005081	  0.10464365	  0.12758350	  0.14589772	  0.14742106	  0.14893265	  0.15094158	  0.13429792	  0.13432948	  0.13394725	  0.12137198	  0.14254797	  0.12784722	  0.12690951	  0.11669385	  0.10389615	  0.14286299	  0.14187747	  0.14499077	  0.14791086	  0.15665640	  0.09336235	  0.10813332	  0.16033913	  0.21781638	  0.10287621	  0.22396280	  0.12551315	  0.18537286	  0.24139550	  0.15618326	  0.29341096	  0.13473503	  0.16519721	  0.25871092	  0.15395398	  0.20506701	  0.13278061	  0.26427302	  0.10883044	  0.10001157	  0.20374210	  0.20772137	  0.19079699	  0.17342587	
  0.11342423	  0.17765699	  0.10822391	  0.09978922	  0.31238693	  0.09162880	  0.11764084	  0.13423620	  0.09954084	  0.10210382	  0.19013013	  0.18289173	  0.16652229	  0.23581073	  0.39243290	  0.32793319	  0.43498951	  0.38221908	  1.00000000	  0.31440580	  0.47555164	  0.09999089	  0.13018703	  0.22558871	  0.11967947	  0.11031164	  0.12623712	  0.09316498	  0.08528405	  0.10689323	  0.10885680	  0.13247629	  0.10655618	  0.10512367	  0.10978286	  0.11483108	  0.09196282	  0.09529332	  0.12543261	  0.13472769	  0.14525154	  0.14736050	  0.14569822	  0.06939695	  0.13421766	  0.15657331	  0.21023121	  0.18251567	  0.23568732	  0.23521879	  0.17231894	  0.24533065	  0.10982863	  0.11684994	  0.15651798	  0.23744237	  0.09533840	  0.12543549	  0.14593607	  0.15199172	  0.16488551	  0.16388787	  0.13410032	  0.13307433	  0.12735818	  0.11378498	  0.14096341	  0.12518890	  0.12303194	  0.11082402	  0.09497508	  0.15519586	  0.14765246	  0.14598139	  0.15709290	  0.16645247	  0.08510053	  0.10632904	  0.18817905	  0.22295862	  0.09457503	  0.22949389	  0.12611631	  0.18911923	  0.24869464	  0.14684604	  0.31086096	  0.12126107	  0.15828674	  0.28172094	  0.14516880	  0.23357977	  0.12828775	  0.27261844	  0.11391751	  0.09983245	  0.23158862	  0.23119253	  0.20217273	  0.18558367	
  0.14983124	  0.19935745	  0.14854138	  0.13746776	  0.23747469	  0.12956153	  0.14192037	  0.17972720	  0.12902945	  0.12625051	  0.16007303	  0.19240563	  0.20175987	  0.21104401	  0.32436422	  0.32757106	  0.33132306	  0.33042720	  0.31440580	  1.00000000	  0.34857112	  0.13927431	  0.15599988	  0.24923420	  0.15647940	  0.14931586	  0.15317205	  0.12692694	  0.11791385	  0.14482020	  0.14735459	  0.14417684	  0.14696705	  0.14023907	  0.13788380	  0.15524925	  0.13367337	  0.13189991	  0.15372665	  0.18262097	  0.17154214	  0.15837780	  0.17805243	  0.08987500	  0.17041042	  0.19765377	  0.20245108	  0.24156207	  0.26555124	  0.28731522	  0.20241408	  0.23872033	  0.15094084	  0.15486149	  0.21137290	  0.32842270	  0.13050948	  0.15782802	  0.18046263	  0.17101310	  0.16593781	  0.17333364	  0.16369545	  0.16490857	  0.16494441	  0.14892003	  0.17300001	  0.15095370	  0.15763798	  0.15342769	  0.13215314	  0.15574044	  0.16778041	  0.17787942	  0.16704303	  0.17992841	  0.10518996	  0.13954598	  0.16245112	  0.19387221	  0.12308440	  0.26548544	  0.15199679	  0.20146434	  0.28865415	  0.19649862	  0.32953721	  0.15162918	  0.19559033	  0.31492275	  0.19206160	  0.21539836	  0.17531782	  0.34288618	  0.13433523	  0.11997352	  0.23220405	  0.22471485	  0.22395435	  0.19593874	
  0.12595679	  0.18839574	  0.12335610	  0.11384420	  0.29259005	  0.10677728	  0.13145274	  0.15183356	  0.11033409	  0.11154918	  0.17641684	  0.19803381	  0.19409366	  0.23434554	  0.46694359	  0.40291959	  0.47774294	  0.37403437	  0.47555164	  0.34857112	  1.00000000	  0.11329164	  0.14829665	  0.23310027	  0.13663806	  0.12297896	  0.13594213	  0.10814052	  0.09950104	  0.12171861	  0.12146375	  0.14376238	  0.12163202	  0.11765391	  0.11934366	  0.12912840	  0.10853085	  0.11264168	  0.14143705	  0.15243393	  0.16458434	  0.15123489	  0.16352645	  0.07250539	  0.15802960	  0.17293006	  0.21207231	  0.20139949	  0.25688979	  0.25914869	  0.18968266	  0.24399355	  0.12347355	  0.13088663	  0.17150904	  0.25963503	  0.11365863	  0.14859653	  0.17237581	  0.17304383	  0.17301349	  0.17704158	  0.15243340	  0.15184653	  0.14184317	  0.12997040	  0.15674193	  0.13938189	  0.13852666	  0.12513010	  0.10915832	  0.16100344	  0.15814239	  0.16351868	  0.16076075	  0.17900851	  0.09196385	  0.12473967	  0.17836030	  0.21884730	  0.10998674	  0.23583689	  0.14282016	  0.20090888	  0.29516086	  0.16272709	  0.32678068	  0.13148180	  0.17302258	  0.29430678	  0.15898708	  0.23108278	  0.14920656	  0.28923184	  0.12423327	  0.10569782	  0.24448332	  0.23492227	  0.21961862	  0.19369945	
  0.14611515	  0.11730573	  0.13284235	  0.13251270	  0.08547696	  0.18651061	  0.14683658	  0.25192305	  0.16639389	  0.11762827	  0.08860853	  0.11388090	  0.12605882	  0.08890079	  0.11843760	  0.12852387	  0.11288618	  0.10631517	  0.09999089	  0.13927431	  0.11329164	  1.00000000	  0.12289740	  0.11227188	  0.14021133	  0.18292521	  0.11906535	  0.15391822	  0.14697906	  0.16442434	  0.18296233	  0.10621334	  0.13118646	  0.14473006	  0.11710490	  0.18421254	  0.17655191	  0.16651823	  0.11860877	  0.20742460	  0.11721101	  0.09428613	  0.10923477	  0.13193110	  0.12137933	  0.13071431	  0.09625480	  0.17459193	  0.12231304	  0.14511585	  0.14612764	  0.10736653	  0.14032836	  0.13078333	  0.14070556	  0.16235244	  0.14405578	  0.12050007	  0.12673874	  0.11222441	  0.10520738	  0.11146701	  0.11941246	  0.12259322	  0.13135883	  0.12206315	  0.12035253	  0.12101479	  0.12855621	  0.14987579	  0.15779527	  0.09067166	  0.11330225	  0.12294813	  0.11137962	  0.11195428	  0.11205693	  0.12693323	  0.09409662	  0.10544404	  0.16082108	  0.12403403	  0.12506187	  0.10209224	  0.13160317	  0.14011779	  0.11382525	  0.13586703	  0.11468153	  0.12344518	  0.24472125	  0.09862140	  0.16434124	  0.12863037	  0.09994041	  0.10809523	  0.11059596	  0.10678853	  0.12091634	  0.10462332	
  0.11647063	  0.16304845	  0.17843634	  0.15507917	  0.10946018	  0.19942065	  0.13950928	  0.14250450	  0.09225656	  0.20189385	  0.11744504	  0.17253305	  0.18070281	  0.10383518	  0.15313193	  0.16029096	  0.15116292	  0.12896419	  0.13018703	  0.15599988	  0.14829665	  0.12289740	  1.00000000	  0.13876836	  0.23898226	  0.19795367	  0.23524843	  0.16821082	  0.15576349	  0.19749026	  0.19265987	  0.24028049	  0.21610563	  0.19523601	  0.19652785	  0.22006637	  0.12810805	  0.13047732	  0.14994259	  0.14101471	  0.17375430	  0.11218600	  0.13103330	  0.07136842	  0.15913767	  0.11898292	  0.13543488	  0.12491953	  0.15202118	  0.13417588	  0.11380658	  0.14695637	  0.12820441	  0.13829885	  0.14779116	  0.13706641	  0.12174828	  0.15809090	  0.16690592	  0.15814379	  0.15743215	  0.16595238	  0.17459236	  0.17876795	  0.16310725	  0.14000398	  0.18088818	  0.15705718	  0.16325891	  0.13266096	  0.11431620	  0.12781806	  0.15153873	  0.16792479	  0.14915740	  0.17877416	  0.09966467	  0.13910818	  0.13261300	  0.11990052	  0.12563705	  0.11282606	  0.37800959	  0.13038708	  0.16049559	  0.10195056	  0.13619132	  0.11378533	  0.11897098	  0.13819712	  0.11409075	  0.14488792	  0.16416430	  0.14998117	  0.11414333	  0.09774794	  0.14975628	  0.14291593	  0.17505284	  0.12701604	
  0.14515358	  0.20296307	  0.12832116	  0.11897842	  0.17806213	  0.10888274	  0.11636135	  0.13544495	  0.11359225	  0.10897230	  0.15979157	  0.18850170	  0.18886328	  0.18190487	  0.22034256	  0.22578101	  0.22686031	  0.21488233	  0.22558871	  0.24923420	  0.23310027	  0.11227188	  0.13876836	  1.00000000	  0.13283978	  0.12965015	  0.14267157	  0.10924689	  0.10177705	  0.12302023	  0.12763326	  0.13469787	  0.12538292	  0.12174809	  0.12384644	  0.13247707	  0.11888152	  0.11507706	  0.13535173	  0.13686013	  0.15564384	  0.16652086	  0.18622774	  0.08047997	  0.15569325	  0.17792049	  0.21516095	  0.18263993	  0.21684463	  0.20449367	  0.15902089	  0.24254812	  0.13382828	  0.13659112	  0.18108328	  0.20610465	  0.11150931	  0.13712594	  0.15510502	  0.15340975	  0.16470063	  0.16905506	  0.15184015	  0.15195391	  0.14923775	  0.13442551	  0.16117342	  0.14280879	  0.14572468	  0.12984084	  0.11275862	  0.17244866	  0.16935979	  0.17733194	  0.17108250	  0.18660466	  0.09243411	  0.11638021	  0.15996501	  0.15546681	  0.10535451	  0.22688751	  0.13087396	  0.19954807	  0.20854856	  0.15157923	  0.24144949	  0.12965070	  0.18580461	  0.23870026	  0.14790781	  0.22956674	  0.13983911	  0.23022726	  0.12067749	  0.10827678	  0.24381982	  0.23948775	  0.22723249	  0.20379506	
  0.12961303	  0.14631112	  0.19261602	  0.17868419	  0.09847097	  0.19782622	  0.13480632	  0.17098065	  0.10534166	  0.20167547	  0.10367382	  0.14459737	  0.15442689	  0.09972751	  0.13961153	  0.14979975	  0.13682050	  0.12611689	  0.11967947	  0.15647940	  0.13663806	  0.14021133	  0.23898226	  0.13283978	  1.00000000	  0.28793305	  0.26931325	  0.21788980	  0.19811645	  0.33594480	  0.27867460	  0.26303014	  0.26117349	  0.24553320	  0.23653497	  0.32310310	  0.13515332	  0.13953052	  0.14388783	  0.16260360	  0.15299912	  0.11621448	  0.13764618	  0.08310033	  0.15475334	  0.13668132	  0.12691844	  0.14129324	  0.16115092	  0.15420267	  0.13395101	  0.13580376	  0.13672419	  0.14362556	  0.14821632	  0.17999624	  0.14056735	  0.15165894	  0.16041452	  0.14711916	  0.13269952	  0.14043307	  0.15933450	  0.16149706	  0.16721027	  0.15219139	  0.16553298	  0.16521475	  0.17114736	  0.14191730	  0.12846878	  0.10920054	  0.13563289	  0.15614796	  0.13242970	  0.14337349	  0.11101019	  0.14241724	  0.11497494	  0.11079179	  0.16166888	  0.12107395	  0.23262942	  0.13484630	  0.14146696	  0.12178227	  0.13587290	  0.13579310	  0.12789734	  0.13158184	  0.13680108	  0.12733676	  0.17207929	  0.14825247	  0.11271797	  0.10237637	  0.13672407	  0.13200939	  0.16404539	  0.12282500	
  0.14178032	  0.13369149	  0.18601523	  0.17526112	  0.09359170	  0.21232551	  0.12546597	  0.17955215	  0.12802866	  0.17087764	  0.09757517	  0.13025741	  0.13938813	  0.09222802	  0.12592547	  0.13358116	  0.12388752	  0.11545902	  0.11031164	  0.14931586	  0.12297896	  0.18292521	  0.19795367	  0.12965015	  0.28793305	  1.00000000	  0.24192287	  0.21121612	  0.18983871	  0.28326178	  0.30359259	  0.21575923	  0.23102953	  0.24827756	  0.21888000	  0.39476344	  0.16145389	  0.14443062	  0.13523333	  0.17810430	  0.13574710	  0.11023178	  0.12496875	  0.11173707	  0.13640952	  0.13729414	  0.11632816	  0.16338891	  0.13603248	  0.14513463	  0.13858652	  0.12495667	  0.14669736	  0.14527234	  0.15300617	  0.16690110	  0.13767691	  0.13693534	  0.14104219	  0.13007614	  0.12175222	  0.12749572	  0.14215729	  0.14429729	  0.15577492	  0.14453451	  0.14958791	  0.14760326	  0.15499978	  0.14931701	  0.13921672	  0.09997949	  0.12984218	  0.13968831	  0.12905248	  0.13017736	  0.11013754	  0.13211933	  0.10740770	  0.10485902	  0.16191757	  0.13745539	  0.19291130	  0.11882450	  0.12918347	  0.13298824	  0.12662524	  0.13417616	  0.12603532	  0.13258870	  0.17898861	  0.11633819	  0.16028668	  0.13619842	  0.10780146	  0.10975324	  0.12591775	  0.12195993	  0.14775233	  0.11499151	
  0.12587674	  0.15483934	  0.18342154	  0.16582902	  0.10522737	  0.17544635	  0.11560734	  0.14056587	  0.09833050	  0.19094488	  0.11248776	  0.15019006	  0.15256613	  0.10157733	  0.13764295	  0.14299574	  0.13565333	  0.13267455	  0.12623712	  0.15317205	  0.13594213	  0.11906535	  0.23524843	  0.14267157	  0.26931325	  0.24192287	  1.00000000	  0.20085458	  0.18173756	  0.23257874	  0.24323837	  0.25496006	  0.25695133	  0.24098709	  0.26662782	  0.26541397	  0.12819594	  0.12721677	  0.14645286	  0.14087529	  0.15337306	  0.12698145	  0.13559943	  0.08473036	  0.14807262	  0.13133843	  0.13391565	  0.13613294	  0.14688081	  0.13752291	  0.12435533	  0.14242919	  0.13888566	  0.14388357	  0.15083124	  0.13760185	  0.12386432	  0.14447585	  0.15159111	  0.14532888	  0.13855200	  0.14416932	  0.15996155	  0.16258912	  0.16697468	  0.14545938	  0.17367528	  0.15430056	  0.16093259	  0.13314204	  0.11902391	  0.11437925	  0.14489792	  0.15595087	  0.14232428	  0.15620089	  0.10623721	  0.12765945	  0.12328010	  0.12030954	  0.12574691	  0.12592989	  0.22251935	  0.13028216	  0.13007016	  0.11169364	  0.13993175	  0.12442058	  0.12660313	  0.13226011	  0.11785600	  0.13597333	  0.14329831	  0.15004127	  0.11412761	  0.10796673	  0.13979566	  0.13829330	  0.16577539	  0.12709096	
  0.16068912	  0.12198679	  0.17001614	  0.17096715	  0.07553178	  0.23583981	  0.11280215	  0.16393752	  0.14949772	  0.17108369	  0.07826986	  0.11518957	  0.12940514	  0.08275446	  0.10982946	  0.12142576	  0.10676916	  0.10143477	  0.09316498	  0.12692694	  0.10814052	  0.15391822	  0.16821082	  0.10924689	  0.21788980	  0.21121612	  0.20085458	  1.00000000	  0.28245151	  0.26124713	  0.22584149	  0.17323636	  0.22231363	  0.22937576	  0.19371356	  0.22332548	  0.17494011	  0.20405541	  0.13294034	  0.14927839	  0.12611437	  0.10709807	  0.12998967	  0.10208732	  0.13814108	  0.13783789	  0.10083705	  0.14799950	  0.12988134	  0.13639067	  0.14056034	  0.10825802	  0.14466032	  0.13784678	  0.13505992	  0.15103041	  0.18989408	  0.13942420	  0.14149931	  0.12609692	  0.10531129	  0.11185671	  0.13837691	  0.14036611	  0.15093754	  0.14676641	  0.13733055	  0.12989631	  0.14078504	  0.15246692	  0.17006560	  0.08818893	  0.11205267	  0.13619004	  0.10794260	  0.11596813	  0.12414717	  0.14986444	  0.08723088	  0.08888718	  0.20052145	  0.10764870	  0.16130598	  0.11291549	  0.11972327	  0.13654010	  0.11288299	  0.13820390	  0.11778584	  0.10925083	  0.14391077	  0.09993955	  0.15058447	  0.12394407	  0.11410131	  0.10887169	  0.11040050	  0.10622037	  0.13492925	  0.10870363	
  0.16153607	  0.11337820	  0.16447516	  0.17012526	  0.06797522	  0.22766896	  0.10809435	  0.15521929	  0.14615236	  0.16301690	  0.06988794	  0.10526043	  0.12086160	  0.07852887	  0.10137769	  0.11336923	  0.09758002	  0.09336776	  0.08528405	  0.11791385	  0.09950104	  0.14697906	  0.15576349	  0.10177705	  0.19811645	  0.18983871	  0.18173756	  0.28245151	  1.00000000	  0.24289109	  0.20205766	  0.15837798	  0.21062995	  0.20533331	  0.18012874	  0.19748631	  0.16850062	  0.20620522	  0.12323945	  0.14289898	  0.11515220	  0.09965337	  0.12652126	  0.09919798	  0.13171892	  0.13385898	  0.09304406	  0.13968998	  0.12066866	  0.12540765	  0.13103208	  0.09958038	  0.13707948	  0.12755264	  0.12576230	  0.14228082	  0.19197071	  0.13081518	  0.13176100	  0.11725929	  0.09659623	  0.10323533	  0.13094184	  0.13322175	  0.14346151	  0.14118470	  0.12871237	  0.12438492	  0.13465221	  0.14156422	  0.16801962	  0.08354080	  0.10208583	  0.12680113	  0.09558073	  0.10706425	  0.12335495	  0.14649473	  0.07749914	  0.08055142	  0.21129484	  0.10038830	  0.14846450	  0.10613363	  0.11489812	  0.13301338	  0.10424949	  0.13106129	  0.11273374	  0.10132909	  0.13772731	  0.09139885	  0.14274555	  0.11663098	  0.11106721	  0.10403027	  0.10150484	  0.09846041	  0.12460471	  0.10169287	
  0.14969668	  0.13356689	  0.18463252	  0.17985702	  0.08732969	  0.22832125	  0.13061069	  0.18781351	  0.13116361	  0.19027692	  0.09078813	  0.13129611	  0.14358817	  0.09104842	  0.12463883	  0.13526230	  0.12254490	  0.11151475	  0.10689323	  0.14482020	  0.12171861	  0.16442434	  0.19749026	  0.12302023	  0.33594480	  0.28326178	  0.23257874	  0.26124713	  0.24289109	  1.00000000	  0.30246231	  0.20919490	  0.24217097	  0.23971957	  0.21149264	  0.30471319	  0.15689926	  0.17642145	  0.13938230	  0.17089418	  0.14077015	  0.11330121	  0.13519673	  0.09474385	  0.14426221	  0.14184311	  0.11298007	  0.15049602	  0.14332129	  0.15021898	  0.14031380	  0.12451442	  0.14453706	  0.14412114	  0.14497249	  0.19226910	  0.16574256	  0.14556634	  0.15180105	  0.13569233	  0.11900856	  0.12673216	  0.14964403	  0.15210825	  0.16483338	  0.15245247	  0.15355475	  0.15377913	  0.16426589	  0.15694045	  0.15271097	  0.09915799	  0.12584527	  0.15022270	  0.12087007	  0.13068412	  0.12457474	  0.14993276	  0.10156488	  0.09825245	  0.19426362	  0.11782108	  0.19225930	  0.12295163	  0.13173458	  0.13551649	  0.12389579	  0.14306805	  0.12360573	  0.12201384	  0.15347683	  0.11362141	  0.17553794	  0.13946544	  0.11792519	  0.11054804	  0.12447254	  0.12013321	  0.15078399	  0.11689536	
